0.047619047619047616 1.0
0.109375 1.0
0.175 1.0
0.25 1.0
0.12962962962962962 1.0
0.2692307692307692 1.0
0.4375 1.0
0.6363636363636364 1.0
0.30434782608695654 1.0
0.5384615384615384 1.0
0.7777777777777778 1.0
1.0 0.7142857142857143
0.5384615384615384 1.0
1.0 1.0
1.0 0.7142857142857143
1.0 0.5714285714285714
1.0 1.0
1.0 0.7142857142857143
1.0 0.5714285714285714
1.0 0.5714285714285714
1.0 0.7142857142857143
1.0 0.5714285714285714
1.0 0.5714285714285714
1.0 0.5714285714285714
1.0 0.5714285714285714
1.0 0.5714285714285714
1.0 0.5714285714285714
1.0 0.42857142857142855
1.0 0.5714285714285714
1.0 0.5714285714285714
1.0 0.42857142857142855
1.0 0.14285714285714285
