0.02844950213371266 0.8695652173913043
0.031578947368421054 0.782608695652174
0.032327586206896554 0.6521739130434783
0.03787878787878788 0.6521739130434783
0.03225806451612903 0.782608695652174
0.03631961259079903 0.6521739130434783
0.04430379746835443 0.6086956521739131
0.0449438202247191 0.5217391304347826
0.03712871287128713 0.6521739130434783
0.038461538461538464 0.4782608695652174
0.03271028037383177 0.30434782608695654
0.007633587786259542 0.043478260869565216
0.039568345323741004 0.4782608695652174
0.0223463687150838 0.17391304347826086
0.008620689655172414 0.043478260869565216
0.0 0.0
0.0223463687150838 0.17391304347826086
0.008695652173913044 0.043478260869565216
0.0 0.0
0.0 0.0
0.008849557522123894 0.043478260869565216
0.0 0.0
0.0 0.0
0.0 0.0
0.0 0.0
0.0 0.0
0.0 0.0
0.0 0.0
0.0 0.0
0.0 0.0
0.0 0.0
0.0 0.0
0.0 0.0
0.0 0.0
0.0 0.0
0.0 0.0
0.0 0.0
0.0 0.0
0.0 0.0
0.0 0.0
