0.008403361344537815 1.0
0.008917197452229299 1.0
0.009333333333333334 1.0
0.009845288326300985 1.0
0.008939974457215836 1.0
0.009358288770053475 1.0
0.009859154929577466 1.0
0.010218978102189781 1.0
0.009358288770053475 1.0
0.009915014164305949 1.0
0.010263929618768328 1.0
0.010719754977029096 1.0
0.009915014164305949 1.0
0.010279001468428781 1.0
0.010752688172043012 1.0
0.01155115511551155 1.0
0.010279001468428781 1.0
0.01078582434514638 1.0
0.011589403973509934 1.0
0.012915129151291513 1.0
0.01078582434514638 1.0
0.011647254575707155 1.0
0.013108614232209739 1.0
0.01511879049676026 1.0
0.011705685618729096 1.0
0.01348747591522158 1.0
0.01545253863134658 1.0
0.01699029126213592 1.0
0.013513513513513514 1.0
0.015945330296127564 1.0
0.017721518987341773 1.0
0.017241379310344827 0.8571428571428571
