0.40425531914893614 0.12527472527472527
0.44144144144144143 0.1076923076923077
0.5569620253164557 0.0967032967032967
0.5657894736842105 0.0945054945054945
0.44144144144144143 0.1076923076923077
0.5789473684210527 0.0967032967032967
0.6515151515151515 0.0945054945054945
0.6779661016949152 0.08791208791208792
0.5789473684210527 0.0967032967032967
0.6515151515151515 0.0945054945054945
0.6779661016949152 0.08791208791208792
0.65 0.08571428571428572
0.6515151515151515 0.0945054945054945
0.6779661016949152 0.08791208791208792
0.65 0.08571428571428572
0.7169811320754716 0.08351648351648351
0.6779661016949152 0.08791208791208792
0.6785714285714286 0.08351648351648351
0.7551020408163265 0.08131868131868132
0.75 0.07252747252747253
0.6785714285714286 0.08351648351648351
0.7551020408163265 0.08131868131868132
0.75 0.07252747252747253
0.8378378378378378 0.06813186813186813
0.7551020408163265 0.08131868131868132
0.75 0.07252747252747253
0.8378378378378378 0.06813186813186813
0.8611111111111112 0.06813186813186813
0.7674418604651163 0.07252747252747253
0.8378378378378378 0.06813186813186813
0.8611111111111112 0.06813186813186813
0.8888888888888888 0.07032967032967033
