0.022508038585209004 1.0
0.02734375 1.0
0.02834008097165992 1.0
0.030837004405286344 1.0
0.029914529914529916 1.0
0.03153153153153153 1.0
0.04046242774566474 1.0
0.04794520547945205 1.0
0.05 1.0
0.11290322580645161 1.0
0.047619047619047616 1.0
0.08333333333333333 1.0
0.1320754716981132 1.0
0.19444444444444445 1.0
0.25 1.0
0.12962962962962962 1.0
0.30434782608695654 1.0
0.5384615384615384 1.0
1.0 1.0
1.0 0.7142857142857143
0.30434782608695654 1.0
0.5384615384615384 1.0
1.0 1.0
1.0 0.7142857142857143
1.0 0.5714285714285714
0.5384615384615384 1.0
1.0 1.0
1.0 0.7142857142857143
1.0 0.5714285714285714
1.0 0.5714285714285714
1.0 1.0
1.0 0.7142857142857143
1.0 0.5714285714285714
1.0 0.5714285714285714
1.0 0.5714285714285714
1.0 0.7142857142857143
1.0 0.5714285714285714
1.0 0.5714285714285714
1.0 0.5714285714285714
1.0 0.42857142857142855
1.0 0.5714285714285714
1.0 0.5714285714285714
1.0 0.5714285714285714
1.0 0.42857142857142855
1.0 0.14285714285714285
1.0 0.5714285714285714
1.0 0.5714285714285714
1.0 0.42857142857142855
1.0 0.14285714285714285
