0.031818181818181815 1.0
0.1206896551724138 1.0
0.3888888888888889 1.0
0.7777777777777778 1.0
0.875 1.0
0.1206896551724138 1.0
0.3888888888888889 1.0
0.7777777777777778 1.0
0.875 1.0
0.8571428571428571 0.8571428571428571
0.3888888888888889 1.0
0.7777777777777778 1.0
0.875 1.0
0.8571428571428571 0.8571428571428571
0.8571428571428571 0.8571428571428571
0.7777777777777778 1.0
0.875 1.0
0.8571428571428571 0.8571428571428571
0.8571428571428571 0.8571428571428571
1.0 0.8571428571428571
0.875 1.0
0.8571428571428571 0.8571428571428571
0.8571428571428571 0.8571428571428571
1.0 0.8571428571428571
1.0 0.7142857142857143
0.8571428571428571 0.8571428571428571
0.8571428571428571 0.8571428571428571
1.0 0.8571428571428571
1.0 0.7142857142857143
1.0 0.7142857142857143
0.8571428571428571 0.8571428571428571
1.0 0.8571428571428571
1.0 0.7142857142857143
1.0 0.7142857142857143
1.0 0.5714285714285714
1.0 0.8571428571428571
1.0 0.7142857142857143
1.0 0.7142857142857143
1.0 0.5714285714285714
1.0 0.5714285714285714
1.0 0.7142857142857143
1.0 0.7142857142857143
1.0 0.5714285714285714
1.0 0.5714285714285714
1.0 0.42857142857142855
1.0 0.7142857142857143
1.0 0.5714285714285714
1.0 0.5714285714285714
1.0 0.42857142857142855
1.0 0.42857142857142855
1.0 0.5714285714285714
1.0 0.5714285714285714
1.0 0.42857142857142855
1.0 0.42857142857142855
1.0 0.42857142857142855
1.0 0.5714285714285714
1.0 0.42857142857142855
1.0 0.42857142857142855
1.0 0.42857142857142855
1.0 0.14285714285714285
1.0 0.42857142857142855
1.0 0.42857142857142855
1.0 0.42857142857142855
1.0 0.14285714285714285
0 0.0
1.0 0.42857142857142855
1.0 0.42857142857142855
1.0 0.14285714285714285
0 0.0
0 0.0
1.0 0.42857142857142855
1.0 0.14285714285714285
0 0.0
0 0.0
0 0.0
1.0 0.14285714285714285
0 0.0
0 0.0
0 0.0
0 0.0
0 0.0
0 0.0
0 0.0
0 0.0
0 0.0
0 0.0
0 0.0
0 0.0
0 0.0
0 0.0
0 0.0
0 0.0
0 0.0
0 0.0
0 0.0
