0.003963011889035667 0.42857142857142855
0.004518072289156626 0.42857142857142855
0.005063291139240506 0.2857142857142857
0.011764705882352941 0.42857142857142855
0.004005340453938585 0.42857142857142855
0.003169572107765452 0.2857142857142857
0.006389776357827476 0.2857142857142857
0.012345679012345678 0.2857142857142857
0.0028129395218002813 0.2857142857142857
0.0041841004184100415 0.2857142857142857
0.0106951871657754 0.2857142857142857
0.012658227848101266 0.2857142857142857
0.0029542097488921715 0.2857142857142857
0.004545454545454545 0.2857142857142857
0.011695906432748537 0.2857142857142857
0.0136986301369863 0.2857142857142857
0.003125 0.2857142857142857
0.00625 0.2857142857142857
0.012738853503184714 0.2857142857142857
0.007575757575757576 0.14285714285714285
0.003424657534246575 0.2857142857142857
0.00684931506849315 0.2857142857142857
0.013422818791946308 0.2857142857142857
0.008 0.14285714285714285
0.005089058524173028 0.2857142857142857
0.011494252873563218 0.2857142857142857
0.0136986301369863 0.2857142857142857
0.008547008547008548 0.14285714285714285
0.007042253521126761 0.2857142857142857
0.011904761904761904 0.2857142857142857
0.013986013986013986 0.2857142857142857
0 0.0
0.00881057268722467 0.2857142857142857
0.012738853503184714 0.2857142857142857
0.007575757575757576 0.14285714285714285
0 0.0
0.010471204188481676 0.2857142857142857
0.019417475728155338 0.2857142857142857
0.012658227848101266 0.14285714285714285
0 0.0
0.011834319526627219 0.2857142857142857
0.023529411764705882 0.2857142857142857
0.017857142857142856 0.14285714285714285
0 0.0
0.015625 0.2857142857142857
0.014925373134328358 0.14285714285714285
0 0.0
0 0.0
