0.8883248730964467 0.7692307692307693
0.9195046439628483 0.6527472527472528
0.9331103678929766 0.6131868131868132
0.9403508771929825 0.589010989010989
0.9444444444444444 0.5604395604395604
0.911864406779661 0.5912087912087912
0.9159663865546218 0.47912087912087914
0.9209302325581395 0.4351648351648352
0.9264705882352942 0.4153846153846154
0.9267015706806283 0.389010989010989
0.9103139013452914 0.4461538461538462
0.9105263157894737 0.3802197802197802
0.9175824175824175 0.367032967032967
0.9130434782608695 0.3230769230769231
0.9241379310344827 0.2945054945054945
0.9044943820224719 0.35384615384615387
0.9038461538461539 0.3098901098901099
0.9014084507042254 0.2813186813186813
0.912 0.25054945054945055
0.9298245614035088 0.23296703296703297
0.9 0.2967032967032967
0.8870967741935484 0.24175824175824176
0.9051724137931034 0.23076923076923078
0.9259259259259259 0.21978021978021978
0.9207920792079208 0.2043956043956044
0.8803418803418803 0.22637362637362637
0.8910891089108911 0.1978021978021978
0.9101123595505618 0.17802197802197803
0.9024390243902439 0.16263736263736264
0.8904109589041096 0.14285714285714285
0.8910891089108911 0.1978021978021978
0.9058823529411765 0.16923076923076924
0.8888888888888888 0.14065934065934066
0.8805970149253731 0.12967032967032968
0.851063829787234 0.08791208791208792
0.9058823529411765 0.16923076923076924
0.8840579710144928 0.13406593406593406
0.8709677419354839 0.11868131868131868
0.851063829787234 0.08791208791208792
0.8372093023255814 0.07912087912087912
0.8805970149253731 0.12967032967032968
0.8518518518518519 0.1010989010989011
0.851063829787234 0.08791208791208792
0.8372093023255814 0.07912087912087912
0.8205128205128205 0.07032967032967033
0.8518518518518519 0.1010989010989011
0.851063829787234 0.08791208791208792
0.8372093023255814 0.07912087912087912
0.8205128205128205 0.07032967032967033
0.8285714285714286 0.06373626373626373
0.851063829787234 0.08791208791208792
0.8372093023255814 0.07912087912087912
0.8205128205128205 0.07032967032967033
0.8285714285714286 0.06373626373626373
0.8529411764705882 0.06373626373626373
0.8372093023255814 0.07912087912087912
0.8205128205128205 0.07032967032967033
0.8285714285714286 0.06373626373626373
0.84375 0.05934065934065934
0.8518518518518519 0.05054945054945055
0.8205128205128205 0.07032967032967033
0.8285714285714286 0.06373626373626373
0.84375 0.05934065934065934
0.8518518518518519 0.05054945054945055
0.8571428571428571 0.03956043956043956
0.8285714285714286 0.06373626373626373
0.84375 0.05934065934065934
0.8518518518518519 0.05054945054945055
0.8571428571428571 0.03956043956043956
