0.46503496503496505 0.2923076923076923
0.4238095238095238 0.1956043956043956
0.47305389221556887 0.17362637362637362
0.4744525547445255 0.14285714285714285
0.5353535353535354 0.11648351648351649
0.37948717948717947 0.16263736263736264
0.4097222222222222 0.12967032967032968
0.4262295081967213 0.11428571428571428
0.4888888888888889 0.0967032967032967
0.4942528735632184 0.0945054945054945
0.40425531914893614 0.12527472527472527
0.44144144144144143 0.1076923076923077
0.5569620253164557 0.0967032967032967
0.5657894736842105 0.0945054945054945
0.5797101449275363 0.08791208791208792
0.44144144144144143 0.1076923076923077
0.5789473684210527 0.0967032967032967
0.6515151515151515 0.0945054945054945
0.6779661016949152 0.08791208791208792
0.65 0.08571428571428572
0.5789473684210527 0.0967032967032967
0.6515151515151515 0.0945054945054945
0.6779661016949152 0.08791208791208792
0.65 0.08571428571428572
0.7169811320754716 0.08351648351648351
0.6515151515151515 0.0945054945054945
0.6779661016949152 0.08791208791208792
0.65 0.08571428571428572
0.7169811320754716 0.08351648351648351
0.75 0.07252747252747253
0.6779661016949152 0.08791208791208792
0.6785714285714286 0.08351648351648351
0.7551020408163265 0.08131868131868132
0.75 0.07252747252747253
0.8205128205128205 0.07032967032967033
0.6785714285714286 0.08351648351648351
0.7551020408163265 0.08131868131868132
0.75 0.07252747252747253
0.8378378378378378 0.06813186813186813
0.8611111111111112 0.06813186813186813
0.7551020408163265 0.08131868131868132
0.75 0.07252747252747253
0.8378378378378378 0.06813186813186813
0.8611111111111112 0.06813186813186813
0.8888888888888888 0.07032967032967033
0.7674418604651163 0.07252747252747253
0.8378378378378378 0.06813186813186813
0.8611111111111112 0.06813186813186813
0.8888888888888888 0.07032967032967033
0.9090909090909091 0.06593406593406594
0.8378378378378378 0.06813186813186813
0.8611111111111112 0.06813186813186813
0.8823529411764706 0.06593406593406594
0.9090909090909091 0.06593406593406594
0.896551724137931 0.05714285714285714
0.8611111111111112 0.06813186813186813
0.8823529411764706 0.06593406593406594
0.9090909090909091 0.06593406593406594
0.896551724137931 0.05714285714285714
0.8846153846153846 0.05054945054945055
0.8823529411764706 0.06593406593406594
0.9090909090909091 0.06593406593406594
0.896551724137931 0.05714285714285714
0.8846153846153846 0.05054945054945055
0.8947368421052632 0.03736263736263736
0.9090909090909091 0.06593406593406594
0.896551724137931 0.05714285714285714
0.8846153846153846 0.05054945054945055
0.8947368421052632 0.03736263736263736
0.8461538461538461 0.024175824175824177
0.896551724137931 0.05714285714285714
0.8846153846153846 0.05054945054945055
0.8947368421052632 0.03736263736263736
0.8461538461538461 0.024175824175824177
0 0.0
0.8846153846153846 0.05054945054945055
0.8947368421052632 0.03736263736263736
0.8461538461538461 0.024175824175824177
0 0.0
0 0.0
0.8947368421052632 0.03736263736263736
0.8461538461538461 0.024175824175824177
0 0.0
0 0.0
0 0.0
0.8461538461538461 0.024175824175824177
0 0.0
0 0.0
0 0.0
0 0.0
0 0.0
0 0.0
0 0.0
0 0.0
0 0.0
