0.6486486486486487 0.26373626373626374
0.7 0.09230769230769231
0.8333333333333334 0.06593406593406594
0.6428571428571429 0.15824175824175823
0.72 0.07912087912087912
0.875 0.015384615384615385
0.6785714285714286 0.08351648351648351
0.8125 0.05714285714285714
0.8888888888888888 0.017582417582417582
0.6956521739130435 0.07032967032967033
0.875 0.015384615384615385
0.6666666666666666 0.004395604395604396
0.8064516129032258 0.054945054945054944
0.8333333333333334 0.01098901098901099
0.5 0.002197802197802198
0.875 0.015384615384615385
0.6666666666666666 0.004395604395604396
0.5 0.002197802197802198
0.8333333333333334 0.01098901098901099
0.5 0.002197802197802198
0.5 0.002197802197802198
0.6666666666666666 0.004395604395604396
0.5 0.002197802197802198
0.5 0.002197802197802198
0.5 0.002197802197802198
0.5 0.002197802197802198
0.5 0.002197802197802198
0.5 0.002197802197802198
0.5 0.002197802197802198
0.5 0.002197802197802198
