0.08558558558558559 0.8260869565217391
0.17204301075268819 0.6956521739130435
0.2962962962962963 0.6956521739130435
0.6086956521739131 0.6086956521739131
0.42105263157894735 0.34782608695652173
0.1951219512195122 0.6956521739130435
0.38095238095238093 0.6956521739130435
0.6086956521739131 0.6086956521739131
0.5 0.34782608695652173
0.36363636363636365 0.17391304347826086
0.4 0.6956521739130435
0.6666666666666666 0.6086956521739131
0.6153846153846154 0.34782608695652173
0.3333333333333333 0.08695652173913043
0.5 0.08695652173913043
0.6666666666666666 0.6086956521739131
0.5 0.21739130434782608
0.3333333333333333 0.08695652173913043
0.5 0.08695652173913043
0.6666666666666666 0.17391304347826086
0.5 0.21739130434782608
0.3333333333333333 0.08695652173913043
0.5 0.08695652173913043
0.3333333333333333 0.043478260869565216
0.3333333333333333 0.043478260869565216
0.3333333333333333 0.08695652173913043
0.5 0.08695652173913043
0.3333333333333333 0.043478260869565216
0.3333333333333333 0.043478260869565216
0.5 0.043478260869565216
0.5 0.08695652173913043
0.3333333333333333 0.043478260869565216
0.3333333333333333 0.043478260869565216
0.5 0.043478260869565216
0 0.0
0.3333333333333333 0.043478260869565216
0.3333333333333333 0.043478260869565216
0.5 0.043478260869565216
0 0.0
0 0.0
0.3333333333333333 0.043478260869565216
0.5 0.043478260869565216
0 0.0
0 0.0
0 0.0
0.5 0.043478260869565216
0 0.0
0 0.0
0 0.0
0 0.0
0 0.0
0 0.0
0 0.0
0 0.0
0 0.0
0 0.0
0 0.0
0 0.0
0 0.0
0 0.0
0 0.0
0 0.0
0 0.0
0 0.0
0 0.0
0 0.0
0 0.0
0 0.0
0 0.0
0 0.0
0 0.0
0 0.0
0 0.0
0 0.0
0 0.0
0 0.0
0 0.0
0 0.0
0 0.0
0 0.0
0 0.0
0 0.0
0 0.0
0 0.0
0 0.0
0 0.0
0 0.0
0 0.0
0 0.0
0 0.0
0 0.0
0 0.0
0 0.0
0 0.0
0 0.0
