0.039301310043668124 0.782608695652174
0.04220779220779221 0.5652173913043478
0.04081632653061224 0.43478260869565216
0.0446927374301676 0.34782608695652173
0.060810810810810814 0.391304347826087
0.042483660130718956 0.5652173913043478
0.04310344827586207 0.43478260869565216
0.0446927374301676 0.34782608695652173
0.06164383561643835 0.391304347826087
0.04395604395604396 0.17391304347826086
0.044642857142857144 0.43478260869565216
0.03428571428571429 0.2608695652173913
0.06164383561643835 0.391304347826087
0.04395604395604396 0.17391304347826086
0.058823529411764705 0.17391304347826086
0.03428571428571429 0.2608695652173913
0.03571428571428571 0.21739130434782608
0.04395604395604396 0.17391304347826086
0.058823529411764705 0.17391304347826086
0.05454545454545454 0.13043478260869565
0.03676470588235294 0.21739130434782608
0.04597701149425287 0.17391304347826086
0.058823529411764705 0.17391304347826086
0.05454545454545454 0.13043478260869565
0.06382978723404255 0.13043478260869565
0.046511627906976744 0.17391304347826086
0.058823529411764705 0.17391304347826086
0.05555555555555555 0.13043478260869565
0.06382978723404255 0.13043478260869565
0.041666666666666664 0.043478260869565216
0.058823529411764705 0.17391304347826086
0.05555555555555555 0.13043478260869565
0.06382978723404255 0.13043478260869565
0.041666666666666664 0.043478260869565216
0.0 0.0
0.05555555555555555 0.13043478260869565
0.06976744186046512 0.13043478260869565
0.041666666666666664 0.043478260869565216
0.0 0.0
0.0 0.0
0.075 0.13043478260869565
0.041666666666666664 0.043478260869565216
0.0 0.0
0.0 0.0
0 0.0
0.041666666666666664 0.043478260869565216
0.0 0.0
0.0 0.0
0 0.0
0 0.0
0.0 0.0
0.0 0.0
0 0.0
0 0.0
0 0.0
0.0 0.0
0 0.0
0 0.0
0 0.0
0 0.0
0 0.0
0 0.0
0 0.0
0 0.0
0 0.0
0 0.0
0 0.0
0 0.0
0 0.0
0 0.0
0 0.0
0 0.0
0 0.0
0 0.0
0 0.0
0 0.0
0 0.0
0 0.0
0 0.0
0 0.0
0 0.0
0 0.0
0 0.0
0 0.0
0 0.0
0 0.0
0 0.0
0 0.0
0 0.0
0 0.0
0 0.0
0 0.0
0 0.0
0 0.0
0 0.0
